Current best steps, input length: 3
        (141521110510, 100, 153)        (141521140510, 111, 142)        (010510210403, 001, 139)
        (030514012104, 000, 139)        (111021150514, 100, 125)        (051504010021, 000, 124)
        (142100051504, 010, 124)        (051510210014, 001, 123)        (111021150514, 000, 123)
        (141521051310, 011, 114)        (141521051310, 111, 114)        (011504050021, 000, 113)
        (131021140510, 010, 105)        (001521140110, 111, 104)        (111021150514, 110, 103)
Current best steps, input length: 4
        (011504210510, 0001, 280)       (131521051014, 1100, 270)       (131521051014, 0100, 268)
        (041500050121, 0111, 267)       (041500050121, 1111, 266)       (141521051310, 0111, 238)
        (141521051310, 1111, 238)       (011504050021, 0000, 237)       (010510210403, 0001, 233)
        (030514012104, 0000, 233)       (141513052110, 1010, 193)       (010510210403, 0000, 183)
        (030514012104, 0001, 183)       (051504211000, 1101, 183)       (051504211000, 0001, 180)
Current best steps, input length: 5
        (141521140510, 11111, 576)      (141521051310, 01111, 478)      (141521051310, 11111, 478)
        (011504050021, 00000, 477)      (141521110510, 11100, 424)      (131021140510, 01010, 399)
        (030514042110, 00000, 373)      (010510210403, 00001, 351)      (030514012104, 00000, 351)
        (141521110510, 10011, 346)      (010510210403, 00000, 289)      (030514012104, 00001, 289)
        (112114131504, 00000, 273)      (142100051504, 00010, 272)      (030514042110, 00010, 271)
Current best steps, input length: 6
        (011504210510, 000001, 1300)    (141521051310, 011111, 946)     (141521051310, 111111, 946)
        (011504050021, 000000, 945)     (030514042110, 000000, 591)     (131021140510, 000101, 567)
        (131021140510, 110101, 566)     (041500040521, 000000, 565)     (041500030021, 010101, 565)
        (131021140510, 011101, 565)     (141521140510, 000000, 565)     (041500040521, 100000, 564)
        (041500030021, 110101, 564)     (141521140510, 100000, 564)     (131021140510, 100101, 562)
Current best steps, input length: 7
        (141521140510, 1111111, 2306)   (141521051310, 0111111, 1866)   (141521051310, 1111111, 1866)
        (011504050021, 0000000, 1865)   (131021140510, 0101010, 1557)   (030514042110, 0000000, 1411)
        (152104051310, 0111110, 1217)   (011504210510, 0000001, 1216)   (030514042110, 0000010, 1201)
        (051512211001, 0000001, 1020)   (011112210510, 0000001, 1018)   (051112211001, 0000001, 1014)
        (011512210510, 0000001, 1012)   (011112210510, 0000111, 1004)   (030514042110, 0001000, 1001)
Current best steps, input length: 8
        (011504210510, 00000001, 5632)  (141521051310, 01111111, 3686)  (141521051310, 11111111, 3686)
        (011504050021, 00000000, 3685)  (011504210510, 00000111, 2400)  (030514042110, 00000000, 2355)
        (131021140510, 00010101, 2293)  (131021140510, 11010101, 2292)  (041500040521, 00000000, 2291)
        (041500030021, 01010101, 2291)  (131021140510, 01110101, 2291)  (141521140510, 00000000, 2291)
        (041500040521, 10000000, 2290)  (041500030021, 11010101, 2290)  (141521140510, 10000000, 2290)
Current best steps, input length: 9
        (141521140510, 111111111, 9220) (141521051310, 011111111, 7302) (141521051310, 111111111, 7302)
        (011504050021, 000000000, 7301) (131021140510, 010101010, 6171) (152104051310, 011111110, 5453)
        (011504210510, 000000001, 5452) (030514042110, 000000000, 5431) (030514042110, 000000010, 5005)
        (030514042110, 000001000, 4589) (030514042110, 000001010, 4199) (051512211001, 000000001, 4092)
        (011112210510, 000000001, 4090) (051112211001, 000000001, 4086) (011512210510, 000000001, 4084

Current best 1s, input length: 3
        (030514012104, 000, 13) (030015052114, 000, 11) (030015052114, 001, 11)
        (030015052114, 010, 11) (030015052114, 011, 11) (030015052114, 100, 11)
        (030015052114, 101, 11) (030015052114, 110, 11) (030015052114, 111, 11)
        (030514012104, 001, 11) (030515042114, 000, 11) (030515052114, 000, 11)
        (112114131504, 000, 11) (None, None, 10)        (None, None, 10)
Current best 1s, input length: 4
        (011504210510, 0001, 20)        (030514012104, 0000, 17)        (030514012104, 0001, 15)
        (112114131504, 0000, 15)        (030015052114, 0000, 14)        (030015052114, 0001, 14)
        (030015052114, 0010, 14)        (030015052114, 0011, 14)        (030015052114, 0100, 14)
        (030015052114, 0101, 14)        (030015052114, 0110, 14)        (030015052114, 0111, 14)
        (030015052114, 1000, 14)        (030015052114, 1001, 14)        (030015052114, 1010, 14)
Current best 1s, input length: 5
        (030514012104, 00000, 21)       (011504210510, 00001, 20)       (152104051310, 01110, 20)
        (030514012104, 00001, 19)       (112114131504, 00000, 19)       (030015052114, 00000, 17)
        (030015052114, 00001, 17)       (030015052114, 00010, 17)       (030015052114, 00011, 17)
        (030015052114, 00100, 17)       (030015052114, 00101, 17)       (030015052114, 00110, 17)
        (030015052114, 00111, 17)       (030015052114, 01000, 17)       (030015052114, 01001, 17)
Current best 1s, input length: 6
        (011504210510, 000001, 44)      (011504210510, 000111, 28)      (030514012104, 000000, 25)
        (011504210510, 001101, 24)      (011504210510, 011001, 24)      (030514012104, 000001, 23)
        (112114131504, 000000, 23)      (011504210510, 110001, 22)      (030514012104, 000010, 21)
        (030514012104, 000100, 21)      (030514012104, 001000, 21)      (030514012104, 010000, 21)
        (030514012104, 100000, 21)      (112114131504, 000001, 21)      (152104051310, 011110, 21)
Current best 1s, input length: 7
        (011504210510, 0000001, 44)     (152104051310, 0111110, 44)     (030514012104, 0000000, 29)
        (011504210510, 0000111, 28)     (152104051310, 0111000, 28)     (030514012104, 0000001, 27)
        (112114131504, 0000000, 27)     (030514012104, 0000010, 25)     (030514012104, 0000100, 25)
        (030514012104, 0001000, 25)     (030514012104, 0010000, 25)     (030514012104, 0100000, 25)
        (030514012104, 1000000, 25)     (112114131504, 0000001, 25)     (011504210510, 0001101, 24)
Current best 1s, input length: 8
        (011504210510, 00000001, 92)    (011504210510, 00000111, 60)    (011504210510, 00001101, 52)
        (011504210510, 00011001, 52)    (011504210510, 00110001, 48)    (011504210510, 01100001, 48)
        (011504210510, 11000001, 46)    (152104051310, 01111110, 45)    (011504210510, 00011111, 36)
        (030514012104, 00000000, 33)    (011504210510, 00110111, 32)    (011504210510, 01100111, 32)
        (030514012104, 00000001, 31)    (112114131504, 00000000, 31)    (011504210510, 11000111, 30)
Current best 1s, input length: 9
        (011504210510, 000000001, 92)   (152104051310, 011111110, 92)   (011504210510, 000000111, 60)
        (152104051310, 011111000, 60)   (011504210510, 000001101, 52)   (011504210510, 000011001, 52)
        (152104051310, 011100110, 52)   (152104051310, 011110010, 52)   (011504210510, 000110001, 48)
        (011504210510, 001100001, 48)   (152104051310, 010011110, 48)   (152104051310, 011001110, 48)
        (011504210510, 011000001, 46)   (011504210510, 110000001, 46)   (152104051310, 000111110, 46)

Current best 01s, input length: 4
        (None, None, 10)        (None, None, 10)        (None, None, 10)
        (None, None, 10)        (None, None, 10)        (None, None, 10)
        (None, None, 10)        (None, None, 10)        (None, None, 10)
        (None, None, 10)        (None, None, 10)        (None, None, 10)
        (None, None, 10)        (None, None, 10)        (141021131500, 1000, 10)
Current best 01s, input length: 5
        (030510040421, 00000, 12)       (030510040021, 00000, 12)       (030510041221, 00000, 12)
        (030510040221, 00000, 12)       (030510041421, 00000, 12)       (030510041021, 00000, 12)
        (030510042114, 00000, 12)       (030510040121, 00000, 12)       (030510041321, 00000, 12)
        (030510041121, 00000, 12)       (030510040321, 00000, 12)       (030510041521, 00000, 12)
        (030510040521, 00000, 12)       (111021151104, 01111, 12)       (141021131500, 10000, 12)
Current best 01s, input length: 6
        (030510040121, 000000, 14)      (030510041321, 000000, 14)      (030510040321, 000000, 14)
        (030510041521, 000000, 14)      (030510040421, 000000, 14)      (030510040021, 000000, 14)
        (030510041221, 000000, 14)      (030510040221, 000000, 14)      (030510041421, 000000, 14)
        (030510041121, 000000, 14)      (030510040521, 000000, 14)      (030510041021, 000000, 14)
        (030510042114, 000000, 14)      (111021151104, 011111, 14)      (141021131500, 100000, 14)
Current best 01s, input length: 7
        (030510040121, 0000000, 16)     (030510041321, 0000000, 16)     (030510040321, 0000000, 16)
        (030510041521, 0000000, 16)     (030510040421, 0000000, 16)     (030510040021, 0000000, 16)
        (030510041221, 0000000, 16)     (030510040221, 0000000, 16)     (030510041421, 0000000, 16)
        (030510041121, 0000000, 16)     (030510040521, 0000000, 16)     (030510041021, 0000000, 16)
        (030510042114, 0000000, 16)     (111021151104, 0111111, 16)     (141021131500, 1000000, 16)
Current best 01s, input length: 8
        (030510040021, 00000000, 18)    (030510040421, 00000000, 18)    (030510041221, 00000000, 18)
        (030510040121, 00000000, 18)    (030510040521, 00000000, 18)    (030510041321, 00000000, 18)
        (030510040321, 00000000, 18)    (030510041121, 00000000, 18)    (030510041521, 00000000, 18)
        (030510040221, 00000000, 18)    (030510041021, 00000000, 18)    (030510041421, 00000000, 18)
        (030510042114, 00000000, 18)    (111021151104, 01111111, 18)    (141021131500, 10000000, 18)
Current best 01s, input length: 9
        (030510040021, 000000000, 20)   (030510040421, 000000000, 20)   (030510041221, 000000000, 20)
        (030510040121, 000000000, 20)   (030510040521, 000000000, 20)   (030510041321, 000000000, 20)
        (030510040321, 000000000, 20)   (030510041121, 000000000, 20)   (030510041521, 000000000, 20)
        (030510040221, 000000000, 20)   (030510041021, 000000000, 20)   (030510041421, 000000000, 20)
        (030510042114, 000000000, 20)   (111021151104, 011111111, 20)   (141021131500, 100000000, 20)

Current best *s, input length: 3
        (010510210403, 001, 13) (030514012104, 000, 13) (010510210403, 000, 11)
        (030015052114, 000, 11) (030015052114, 001, 11) (030015052114, 010, 11)
        (030015052114, 011, 11) (030015052114, 100, 11) (030015052114, 101, 11)
        (030015052114, 110, 11) (030015052114, 111, 11) (030514012104, 001, 11)
        (030514042110, 000, 11) (030515042114, 000, 11) (112114131504, 000, 11)
Current best *s, input length: 4
        (011504210510, 0001, 20)        (010510210403, 0001, 17)        (030514012104, 0000, 17)
        (010510210403, 0000, 15)        (030514012104, 0001, 15)        (112114131504, 0000, 15)
        (030015052114, 0000, 14)        (030015052114, 0001, 14)        (030015052114, 0010, 14)
        (030015052114, 0011, 14)        (030015052114, 0100, 14)        (030015052114, 0101, 14)
        (030015052114, 0110, 14)        (030015052114, 0111, 14)        (030015052114, 1000, 14)
Current best *s, input length: 5
        (030514042110, 00000, 22)       (010510210403, 00001, 21)       (030514012104, 00000, 21)
        (011504210510, 00001, 20)       (152104051310, 01110, 20)       (010510210403, 00000, 19)
        (030514012104, 00001, 19)       (030514042110, 00010, 19)       (112114131504, 00000, 19)
        (010510210403, 00111, 17)       (010510210403, 01101, 17)       (010510210403, 10001, 17)
        (010510210403, 11001, 17)       (030015052114, 00000, 17)       (030015052114, 00001, 17)
Current best *s, input length: 6
        (011504210510, 000001, 44)      (011504210510, 000111, 28)      (030514042110, 000000, 28)
        (010510210403, 000001, 25)      (030514012104, 000000, 25)      (030514042110, 000010, 25)
        (011504210510, 001101, 24)      (011504210510, 011001, 24)      (010510210403, 000000, 23)
        (030514012104, 000001, 23)      (112114131504, 000000, 23)      (011504210510, 110001, 22)
        (030514042110, 000011, 22)      (030514042110, 000100, 22)      (030514042110, 001000, 22)
Current best *s, input length: 7
        (011504210510, 0000001, 44)     (152104051310, 0111110, 44)     (030514042110, 0000000, 42)
        (030514042110, 0000010, 39)     (030514042110, 0001000, 36)     (030514042110, 0001010, 33)
        (030514042110, 0100000, 30)     (030514042110, 1100000, 30)     (142100131504, 0100000, 30)
        (010510210403, 0000001, 29)     (030514012104, 0000000, 29)     (011504210510, 0000111, 28)
        (030514042110, 0000011, 28)     (152104051310, 0111000, 28)     (010510210403, 0000000, 27)
Current best *s, input length: 8
        (011504210510, 00000001, 92)    (011504210510, 00000111, 60)    (030514042110, 00000000, 54)
        (011504210510, 00001101, 52)    (011504210510, 00011001, 52)    (030514042110, 00000010, 51)
        (011504210510, 00110001, 48)    (011504210510, 01100001, 48)    (030514042110, 00001000, 48)
        (011504210510, 11000001, 46)    (030514042110, 00001010, 45)    (152104051310, 01111110, 45)
        (030514042110, 00000011, 42)    (030514042110, 00000100, 42)    (030514042110, 00010000, 42)
Current best *s, input length: 9
        (011504210510, 000000001, 92)   (152104051310, 011111110, 92)   (030514042110, 000000000, 80)
        (030514042110, 000000010, 77)   (030514042110, 000001000, 74)   (030514042110, 000001010, 71)
        (030514042110, 000100000, 68)   (030514042110, 000100010, 65)   (030514042110, 000101000, 62)
        (011504210510, 000000111, 60)   (152104051310, 011111000, 60)   (030514042110, 000101010, 59)
        (030514042110, 010000000, 56)   (030514042110, 110000000, 56)   (142100131504, 010000000, 56)