132114150000
132114140511
132114150004
132114140513
132114150010
132114140515
132114150014
132114150300
132114150011
132114150302
132114150013
132114150304
132114150310
132114150015
132114150312
132114150301
132114150314
132114150303
132114150500
132114150305
132114150510
132114150311
132114151000
132114150313
132114151200
132114150315
132114151300
132114150511
132114151304
132114150513
132114151500
132114150515
132115000104
132114151001
132115000304
132114151003
132115000504
132114151101
132115001304
132114151103
132115001504
132114151301
132115010000
132114151303
132115010010
132114151501
132115010104
132114151503
132115010200
132115001114
132115010210
132115001514
132115010004
132115010304
132115010100
132115010400
132115010110
132115010410
132115010504
132115010300
132115010310
132115011000
132115011010
132115010500
132115010510
132115011200
132115011100
132115011210
132115011110
132115011304
132115011114
132115011400
132115011300
132115011410
132115011310
132115011504
132115011500
132115020104
132115011510
132115020304
132115011514
132115020504
132115021114
132115021314
132115021304
132115021514
132115021504
132115030004
132115030000
132115030100
132115030010
132115030110
132115030104
132115030300
132115030200
132115030310
132115030210
132115030500
132115030304
132115030510
132115030400
132115031100
132115030410
132115031110
132115030504
132115031114
132115031000
132115031300
132115031010
132115031310
132115031200
132115031500
132115031210
132115031510
132115031514
132115031304
132115040100
132115031400
132115040300
132115031410
132115040500
132115031504
132115041114
132115040104
132115041300
132115040304
132115041314
132115040504
132115041500
132115041304
132115041514
132115041504
132115050004
132115050000
132115050100
132115050010
132115050110
132115050104
132115050300
132115050200
132115050310
132115050210
132115050500
132115050510
132115050304
132115051100
132115050400
132115051110
132115050410
132115051114
132115050504
132115051300
132115051000
132115051310
132115051010
132115051500
132115051200
132115051510
132115051210
132115051514
132115051304
132115101304
132115101504
132115051400
132115110110
132115051410
132115110310
132115051504
132115110510
132115100104
132115111304
132115100304
132115111504
132115100504
132115121304
132115110104
132115121504
132115130004
132115110304
132115130100
132115110504
132115130110
132115120104
132115130300
132115120304
132115130310
132115120504
132115130500
132115130000
132115130510
132115130010
132115131304
132115130014
132115131504
132115130104
132115141304
132115130200
132115141504
132115130210
132115150004
132115130304
132115150100
132115150110
132115130400
132115150300
132115130410
132115150310
132115130504
132115150500
132115131000
132115150510
132115131100
132115151304
132115131200
132115151504
132115131300
141000130321
141000210515
132115131400
132115131500
141000211111
132115140104
141000211113
132115140304
141000211115
132115140504
141000211211
132115141300
132115141500
141000211213
132115150000
141000211215
132115150010
132115150014
141000211311
132115150104
141000211313
132115150200
132115150210
141000211315
132115150304
141000211511
132115150400
141000211513
132115150410
132115150504
141000211515
132115151000
141010011121
132115151100
141010011321
132115151200
141010011521
141010052111
132115151300
141010052113
132115151400
141010052115
132115151500
141000211114
141010112103
141000211514
141010132110
141010152103
141010122111
141010122113
141010122115
141010132103
141010152110
