132114140303
132114140304
132114140305
132114140310
132114140311
132114140312
132114140313
132114140314
132114140315
132114140400
132114140401
132114140402
132114140403
132114140404
132114140405
132114140410
132114140411
132114140412
132114140413
132114140414
132114140415
132114140500
132114140501
132114140502
132114140503
132114140504
132114140505
132114140510
132114140511
132114140512
132114140513
132114140514
132114140515
132114150000
132114150001
132114150002
132114150003
132114150004
132114150005
132114150010
132114150011
132114150012
132114150013
132114150014
132114150015
132114150100
132114150101
132114150102
132114150103
132114150104
132114150105
132114150110
132114150111
132114150112
132114150113
132114150114
132114150115
132114150300
132114150301
132114150302
132114150303
132114150304
132114150305
132114150310
132114150311
132114150312
132114150313
132114150314
132114150315
132114150400
132114150401
132114150402
132114150403
132114150404
132114150405
132114150410
132114150411
132114150412
132114150413
132114150414
132114150415
132114150500
132114150501
132114150502
132114150503
132114150504
132114150505
132114150510
132114150511
132114150512
132114150513
132114150514
132114150515
132114151000
132114151001
132114151002
132114151003
132114151004
132114151005
132114151100
132114151101
132114151102
132114151103
132114151104
132114151105
132114151200
132114151201
132114151202
132114151203
132114151204
132114151205
132114151300
132114151301
132114151302
132114151303
132114151304
132114151305
132114151400
132114151401
132114151402
132114151403
132114151404
132114151405
132114151500
132114151501
132114151502
132114151503
132114151504
132114151505
132115000000
132115000004
132115000010
132115000012
132115000014
132115000100
132115000104
132115000110
132115000112
132115000114
132115000200
132115000204
132115000210
132115000212
132115000214
132115000300
132115000304
132115000310
132115000312
132115000314
132115000400
132115000404
132115000410
132115000412
132115000414
132115000500
132115000504
132115000510
132115000512
132115000514
132115001000
132115001004
132115001010
132115001012
132115001014
132115001100
132115001104
132115001110
132115001112
132115001114
132115001200
132115001204
132115001210
132115001212
132115001214
132115001300
132115001304
132115001310
132115001312
132115001314
132115001400
132115001404
132115001410
132115001412
132115001414
132115001500
132115001504
132115001510
132115001512
132115001514
132115010000
132115010004
132115010010
132115010012
132115010014
132115010100
132115010104
132115010110
132115010112
132115010114
132115010200
132115010204
132115010210
132115010212
132115010214
132115010300
132115010304
132115010310
132115010312
132115010314
132115010400
132115010404
132115010410
132115010412
132115010414
132115010500
132115010504
132115010510
132115010512
132115010514
132115011000
132115011004
132115011010
132115011012
132115011014
132115011100
132115011104
132115011110
132115011112
132115011114
132115011200
132115011204
132115011210
132115011212
132115011214
132115011300
132115011304
132115011310
132115011312
132115011314
132115011400
132115011404
132115011410
132115011412
132115011414
132115011500
132115011504
132115011510
132115011512
132115011514
132115020000
132115020004
132115020010
132115020012
132115020014
132115020100
132115020104
132115020110
132115020112
132115020114
132115020200
132115020204
132115020210
132115020212
132115020214
132115020300
132115020304
132115020310
132115020312
132115020314
132115020400
132115020404
132115020410
132115020412
132115020414
132115020500
132115020504
132115020510
132115020512
132115020514
132115021000
132115021004
132115021010
132115021012
132115021014
132115021100
132115021104
132115021110
132115021112
132115021114
132115021200
132115021204
132115021210
132115021212
132115021214
132115021300
132115021304
132115021310
132115021312
132115021314
132115021400
132115021404
132115021410
132115021412
132115021414
132115021500
132115021504
132115021510
132115021512
132115021514
132115030000
132115030004
132115030010
132115030012
132115030014
132115030100
132115030104
132115030110
132115030112
132115030114
132115030200
132115030204
132115030210
132115030212
132115030214
132115030300
132115030304
132115030310
132115030312
132115030314
132115030400
132115030404
132115030410
132115030412
132115030414
132115030500
132115030504
132115030510
132115030512
132115030514
132115031000
132115031004
132115031010
132115031012
132115031014
132115031100
132115031104
132115031110
132115031112
132115031114
132115031200
132115031204
132115031210
132115031212
132115031214
132115031300
132115031304
132115031310
132115031312
132115031314
132115031400
132115031404
132115031410
132115031412
132115031414
132115031500
132115031504
132115031510
132115031512
132115031514
132115040000
132115040004
132115040010
132115040012
132115040014
132115040100
132115040104
132115040110
132115040112
132115040114
132115040200
132115040204
132115040210
132115040212
132115040214
132115040300
132115040304
132115040310
132115040312
132115040314
132115040400
132115040404
132115040410
132115040412
132115040414
132115040500
132115040504
132115040510
132115040512
132115040514
132115041000
132115041004
132115041010
132115041012
132115041014
132115041100
132115041104
132115041110
132115041112
132115041114
132115041200
132115041204
132115041210
132115041212
132115041214
132115041300
132115041304
132115041310
132115041312
132115041314
132115041400
132115041404
132115041410
132115041412
132115041414
132115041500
132115041504
132115041510
132115041512
132115041514
132115050000
132115050004
132115050010
132115050012
132115050014
132115050100
132115050104
132115050110
132115050112
132115050114
132115050200
132115050204
132115050210
132115050212
132115050214
132115050300
132115050304
132115050310
132115050312
132115050314
132115050400
132115050404
132115050410
132115050412
132115050414
132115050500
132115050504
132115050510
132115050512
132115050514
132115051000
132115051004
132115051010
132115051012
132115051014
132115051100
132115051104
132115051110
132115051112
132115051114
132115051200
132115051204
132115051210
132115051212
132115051214
132115051300
132115051304
132115051310
132115051312
132115051314
132115051400
132115051404
132115051410
132115051412
132115051414
132115051500
132115051504
132115051510
132115051512
132115051514
132115100000
132115100004
132115100010
132115100012
132115100014
132115100100
132115100104
132115100110
132115100112
132115100114
132115100200
132115100204
132115100210
132115100212
132115100214
132115100300
132115100304
132115100310
132115100312
132115100314
132115100400
132115100404
132115100410
132115100412
132115100414
132115100500
132115100504
132115100510
132115100512
132115100514
132115101000
132115101004
132115101100
132115101104
132115101200
132115101204
132115101300
132115101304
132115101400
132115101404
132115101500
132115101504
132115110000
132115110004
132115110010
132115110012
132115110014
132115110100
132115110104
132115110110
132115110112
132115110114
132115110200
132115110204
132115110210
132115110212
132115110214
132115110300
132115110304
132115110310
132115110312
132115110314
132115110400
132115110404
132115110410
132115110412
132115110414
132115110500
132115110504
132115110510
132115110512
132115110514
132115111000
132115111004
132115111100
132115111104
132115111200
132115111204
132115111300
132115111304
132115111400
132115111404
132115111500
132115111504
132115120000
132115120004
132115120010
132115120012
132115120014
132115120100
132115120104
132115120110
132115120112
132115120114
132115120200
132115120204
132115120210
132115120212
132115120214
132115120300
132115120304
132115120310
132115120312
132115120314
132115120400
132115120404
132115120410
132115120412
132115120414
132115120500
132115120504
132115120510
132115120512
132115120514
132115121000
132115121004
132115121100
132115121104
132115121200
132115121204
132115121300
132115121304
132115121400
132115121404
132115121500
132115121504
132115130000
132115130004
132115130010
132115130012
132115130014
132115130100
132115130104
132115130110
132115130112
132115130114
132115130200
132115130204
132115130210
132115130212
132115130214
132115130300
132115130304
132115130310
132115130312
132115130314
132115130400
132115130404
132115130410
132115130412
132115130414
132115130500
132115130504
132115130510
132115130512
132115130514
132115131000
132115131004
132115131100
132115131104
132115131200
132115131204
132115131300
132115131304
132115131400
132115131404
132115131500
132115131504
132115140000
132115140004
132115140010
132115140012
132115140014
132115140100
132115140104
132115140110
132115140112
132115140114
132115140200
132115140204
132115140210
132115140212
132115140214
132115140300
132115140304
132115140310
132115140312
132115140314
132115140400
132115140404
132115140410
132115140412
132115140414
132115140500
132115140504
132115140510
132115140512
132115140514
132115141000
132115141004
132115141100
132115141104
132115141200
132115141204
132115141300
132115141304
132115141400
132115141404
132115141500
132115141504
132115150000
132115150004
132115150010
132115150012
132115150014
132115150100
132115150104
132115150110
132115150112
132115150114
132115150200
132115150204
132115150210
132115150212
132115150214
132115150300
132115150304
132115150310
132115150312
132115150314
132115150400
132115150404
132115150410
132115150412
132115150414
132115150500
132115150504
132115150510
132115150512
132115150514
132115151000
132115151004
132115151100
132115151104
132115151200
132115151204
132115151300
132115151304
132115151400
132115151404
132115151500
132115151504
140013130021
140013130121
140013130221
140013130321
140013130421
140013130521
140013131021
140013131121
140013131221
140013131321
140013131421
140013131521
140013132100
140013132102
140013132104
140013132112
140013132114
140014001421
140014011421
140014021421
140014031421
140014051421
140014101421
140014111421
140014121421
140014131421
140014151421
140014211400
140014211401
140014211402
140014211403
140014211404
140014211405
140014211410
140014211411
140014211412
140014211413
140014211414
140014211415
140113130021
140113130121
140113130221
140113130321
140113130421
140113130521
140113131021
140113131121
140113131221
140113131321
140113131421
140113131521
140113132100
140113132102
140113132104
140113132112
140113132114
140114001421
140114011421
140114021421
140114031421
140114051421
140114101421
140114111421
140114121421
140114131421
140114151421
140114211400
140114211403
140114211410
140114211413
140213130021
140213130121
140213130221
140213130321
140213130421
140213130521
140213131021
140213131121
140213131221
140213131321
140213131421
140213131521
140213132100
140213132102
140213132104
140213132112
140213132114
140214001421
140214011421
140214021421
140214031421
140214051421
140214101421
140214111421
140214121421
140214131421
140214151421
140214211400
140214211403
140214211410
140214211413
140313130021
140313130121
140313130221
140313130321
140313130421
140313130521
140313131021
140313131121
140313131221
140313131321
140313131421
140313131521
140313132100
140313132102
140313132104
140313132112
140313132114
140314001421
140314011421
140314021421
140314031421
140314051421
140314101421
140314111421
140314121421
140314131421
140314151421
140314211400
140314211401
140314211402
140314211403
140314211404
140314211405
140314211410
140314211411
140314211412
140314211413
140314211414
140314211415
140404000021
140404000121
140404000221
140404000321
140404000421
140404000521
140404001021
140404001121
140404001221
140404001321
140404001421
140404001521
140404002100
140404002101
140404002102
140404002103
140404002104
140404002105
140404002110
140404002111
140404002112
140404002113
140404002114
140404002115
140404010021
140404010121
140404010221
140404010321
140404010421
140404010521
140404011021
140404011121
140404011221
140404011321
140404011421
140404011521
140404012100
140404012101
140404012102
140404012103
140404012104
140404012105
140404012110
140404012111
140404012112
140404012113
140404012114
140404012115
140404020021
140404020121
140404020221
140404020321
140404020421
140404020521
140404021021
140404021121
140404021221
140404021321
140404021421
140404021521
140404022100
140404022101
140404022102
140404022103
140404022104
140404022105
140404022110
140404022111
140404022112
140404022113
140404022114
140404022115
140404030021
140404030121
140404030221
140404030321
140404030421
140404030521
140404031021
140404031121
140404031221
140404031321
140404031421
140404031521
140404032100
140404032101
140404032102
140404032103
140404032104
140404032105
140404032110
140404032111
140404032112
140404032113
140404032114
140404032115
140404040021
140404040121
140404040221
140404040321
140404040421
140404040521
140404041021
140404041121
140404041221
140404041321
140404041421
140404041521
140404042100
140404042101
140404042102
140404042103
140404042104
140404042105
140404042110
140404042111
140404042112
140404042113
140404042114
140404042115
140404050021
140404050121
140404050221
140404050321
140404050421
140404050521
140404051021
140404051121
140404051221
140404051321
140404051421
140404051521
140404052100
140404052101
140404052102
140404052103
140404052104
140404052105
140404052110
140404052111
140404052112
140404052113
140404052114
140404052115
140404100021
140404100121
140404100221
140404100321
140404100421
140404100521
140404101021
140404101121
140404101221
140404101321
140404101421
140404101521
140404102100
140404102101
140404102102
140404102103
140404102104
140404102105
140404102110
140404102111
140404102112
140404102113
140404102114
140404102115
140404110021
140404110121
140404110221
140404110321
140404110421
140404110521
140404111021
140404111121
140404111221
140404111321
140404111421
140404111521
140404112100
140404112101
140404112102
140404112103
140404112104
140404112105
140404112110
140404112111
140404112112
140404112113
140404112114
140404112115
140404120021
140404120121
140404120221
140404120321
140404120421
140404120521
140404121021
140404121121
140404121221
140404121321
140404121421
140404121521
140404122100
140404122101
140404122102
140404122103
140404122104
140404122105
140404122110
140404122111
140404122112
140404122113
140404122114
140404122115
140404130021
140404130121
140404130221
140404130321
140404130421
140404130521
140404131021
140404131121
140404131221
140404131321
140404131421
140404131521
140404132100
140404132101
140404132102
140404132103
140404132104
140404132105
140404132110
140404132111
140404132112
140404132113
140404132114
140404132115
140404140021
140404140121
140404140221
140404140321
140404140421
140404140521
140404141021
140404141121
140404141221
140404141321
140404141421
140404141521
140404142100
140404142101
140404142102
140404142103
140404142104
140404142105
140404142110
140404142111
140404142112
140404142113
140404142114
140404142115
140404150021
140404150121
140404150221
140404150321
140404150421
140404150521
140404151021
140404151121
140404151221
140404151321
140404151421
140404151521
140404152100
140404152101
140404152102
140404152103
140404152104
140404152105
140404152110
140404152111
140404152112
140404152113
140404152114
140404152115
140404210000
140404210001
140404210002
140404210003
140404210004
140404210005
140404210010
140404210011
140404210012
140404210013
140404210014
140404210015
140404210100
140404210103
140404210110
140404210113
140404210200
140404210203
140404210210
140404210213
140404210300
140404210301
140404210302
140404210303
140404210304
140404210305
140404210310
140404210311
140404210312
140404210313
140404210314
140404210315
140404210400
140404210403
140404210410
140404210413
140404210500
140404210503
140404210510
140404210513
140404211000
140404211001
140404211002
140404211003
140404211004
140404211005
140404211010
140404211011
140404211012
140404211013
140404211014
140404211015
140404211100
140404211103
140404211110
140404211113
140404211200
140404211203
140404211210
140404211213
140404211300
140404211301
140404211302
140404211303
140404211304
140404211305
140404211310
140404211311
140404211312
140404211313
140404211314
140404211315
140404211400
140404211403
140404211410
140404211413
140404211500
140404211503
140404211510
140404211513
140413130021
140413130121
140413130221
140413130321
140413130421
140413130521
140413131021
140413131121
140413131221
140413131321
140413131421
140413131521
140413132100
140413132102
140413132104
140413132112
140413132114
140414001421
140414011421
140414021421
140414031421
140414051421
140414101421
140414111421
140414121421
140414131421
140414151421
140414211400
140414211403
140414211410
140414211413
140513130021
140513130121
140513130221
140513130321
140513130421
140513130521
140513131021
140513131121
140513131221
140513131321
140513131421
140513131521
140513132100
140513132102
140513132104
140513132112
140513132114
140514001421
140514011421
140514021421
140514031421
140514051421
140514101421
140514111421
140514121421
140514131421
140514151421
140514211400
140514211403
140514211410
140514211413
141000000021
141000000121
141000000221
141000000321
141000000421
141000000521
141000001021
141000001121
141000001221
141000001321
141000001421
141000001521
141000002100
141000002101
141000002102
141000002103
141000002104
141000002105
141000002110
141000002111
141000002112
141000002113
141000002114
141000002115
141000010021
141000010121
141000010221
141000010321
141000010421
141000010521
141000011021
141000011121
141000011221
141000011321
141000011421
141000011521
141000012100
141000012101
141000012102
141000012103
141000012104
141000012105
141000012110
141000012111
141000012112
141000012113
141000012114
141000012115
141000020021
141000020121
141000020221
141000020321
141000020421
141000020521
141000021021
141000021121
141000021221
141000021321
141000021421
141000021521
141000022100
141000022101
141000022102
141000022103
141000022104
141000022105
141000022110
141000022111
141000022112
141000022113
141000022114
141000022115
141000030021
141000030121
141000030221
141000030321
141000030421
141000030521
141000031021
141000031121
141000031221
141000031321
141000031421
141000031521
141000032100
141000032101
141000032102
141000032103
141000032104
141000032105
141000032110
141000032111
141000032112
141000032113
141000032114
141000032115
141000040021
141000040121
141000040221
141000040321
141000040421
141000040521
141000041021
141000041121
141000041221
141000041321
141000041421
141000041521
141000042100
141000042101
141000042102
141000042103
141000042104
141000042105
141000042110
141000042111
141000042112
141000042113
141000042114
141000042115
141000050021
141000050121
141000050221
141000050321
141000050421
141000050521
141000051021
141000051121
141000051221
141000051321
141000051421
141000051521
141000052100
141000052101
141000052102
141000052103
141000052104
141000052105
141000052110
141000052111
141000052112
141000052113
141000052114
141000052115
141000100021
141000100121
141000100221
141000100321
141000100421
141000100521
141000101021
141000101121
141000101221
141000101321
141000101421
141000101521
141000102100
141000102101
141000102102
141000102103
141000102104
141000102105
141000102110
141000102111
141000102112
141000102113
141000102114
141000102115
141000110021
141000110121
141000110221
141000110321
141000110421
141000110521
141000111021
141000111121
141000111221
141000111321
141000111421
141000111521
141000112100
141000112101
141000112102
141000112103
141000112104
141000112105
141000112110
141000112111
141000112112
141000112113
141000112114
141000112115
141000120021
141000120121
141000120221
141000120321
141000120421
141000120521
141000121021
141000121121
141000121221
141000121321
141000121421
141000121521
141000122100
141000122101
141000122102
141000122103
141000122104
141000122105
141000122110
141000122111
141000122112
141000122113
141000122114
141000122115
141000130021
141000130121
141000130221
141000130321
141000130421
141000130521
141000131021
141000131121
141000131221
141000131321
141000131421
141000131521
141000132100
141000132101
141000132102
141000132103
141000132104
141000132105
141000132110
141000132111
141000132112
141000132113
141000132114
141000132115
141000140021
141000140121
141000140221
141000140321
141000140421
141000140521
141000141021
141000141121
141000141221
141000141321
141000141421
141000141521
141000142100
141000142101
141000142102
141000142103
141000142104
141000142105
141000142110
141000142111
141000142112
141000142113
141000142114
141000142115
141000150021
141000150121
141000150221
141000150321
141000150421
141000150521
141000151021
141000151121
141000151221
141000151321
141000151421
141000151521
141000152100
141000152101
141000152102
141000152103
141000152104
141000152105
141000152110
141000152111
141000152112
141000152113
141000152114
141000152115
141000210000
141000210001
141000210002
141000210003
141000210004
141000210005
141000210010
141000210011
141000210012
141000210013
141000210014
141000210015
141000210100
141000210101
141000210102
141000210103
141000210104
141000210105
141000210110
141000210111
141000210112
141000210113
141000210114
141000210115
141000210200
141000210201
141000210202
141000210203
141000210204
141000210205
141000210210
141000210211
141000210212
141000210213
141000210214
141000210215
141000210300
141000210301
141000210302
141000210303
141000210304
141000210305
141000210310
141000210311
141000210312
141000210313
141000210314
141000210315
141000210400
141000210401
141000210402
141000210403
141000210404
141000210405
141000210410
141000210411
141000210412
141000210413
141000210414
141000210415
141000210500
141000210501
141000210502
141000210503
141000210504
141000210505
141000210510
141000210511
141000210512
141000210513
141000210514
141000210515
141000211000
141000211001
141000211002
141000211003
141000211004
141000211005
141000211010
141000211011
141000211012
141000211013
141000211014
141000211015
141000211100
141000211101
141000211102
141000211103
141000211104
141000211105
141000211110
141000211111
141000211112
141000211113
141000211114
141000211115
141000211200
141000211201
141000211202
141000211203
141000211204
141000211205
141000211210
141000211211
141000211212
141000211213
141000211214
141000211215
141000211300
141000211301
141000211302
141000211303
141000211304
141000211305
141000211310
141000211311
141000211312
141000211313
141000211314
141000211315
141000211400
141000211401
141000211402
141000211403
141000211404
141000211405
141000211410
141000211411
141000211412
141000211413
141000211414
141000211415
141000211500
141000211501
141000211502
141000211503
141000211504
141000211505
141000211510
141000211511
141000211512
141000211513
141000211514
141000211515
141010000021
141010000121
141010000221
141010000321
141010000421
141010000521
141010001021
141010001121
141010001221
141010001321
141010001421
141010001521
141010002100
141010002101
141010002102
141010002103
141010002104
141010002105
141010002110
141010002111
141010002112
141010002113
141010002114
141010002115
141010010021
141010010121
141010010221
141010010321
141010010421
141010010521
141010011021
141010011121
141010011221
141010011321
141010011421
141010011521
141010012100
141010012101
141010012102
141010012103
141010012104
141010012105
141010012110
141010012111
141010012112
141010012113
141010012114
141010012115
141010030021
141010030121
141010030221
141010030321
141010030421
141010030521
141010031021
141010031121
141010031221
141010031321
141010031421
141010031521
141010032100
141010032101
141010032102
141010032103
141010032104
141010032105
141010032110
141010032111
141010032112
141010032113
141010032114
141010032115
141010040021
141010040121
141010040221
141010040321
141010040421
141010040521
141010041021
141010041121
141010041221
141010041321
141010041421
141010041521
141010042100
141010042101
141010042102
141010042103
141010042104
141010042105
141010042110
141010042111
141010042112
141010042113
141010042114
141010042115
141010050021
141010050121
141010050221
141010050321
141010050421
141010050521
141010051021
141010051121
141010051221
141010051321
141010051421
141010051521
141010052100
141010052101
141010052102
141010052103
141010052104
141010052105
141010052110
141010052111
141010052112
141010052113
141010052114
141010052115
141010110021
141010110121
141010110221
141010110321
141010110421
141010110521
141010111021
141010111121
141010111221
141010111321
141010111421
141010111521
141010112100
141010112101
141010112102
141010112103
141010112104
141010112105
141010112110
141010112112
141010112114
141010120021
141010120121
141010120221
141010120321
141010120421
141010120521
141010121021
141010121121
141010121221
141010121321
141010121421
141010121521
141010122100
141010122101
141010122102
141010122103
141010122104
141010122105
141010122110
141010122111
141010122112
141010122113
141010122114
141010122115
141010130021
141010130121
141010130221
141010130321
141010130421
141010130521
141010131021
141010131121
141010131221
141010131321
141010131421
141010131521
141010132100
141010132101
141010132102
141010132103
141010132104
141010132105
141010132110
141010132112
141010132114
141010140021
141010140121
141010140221
141010140321
141010140421
141010140521
141010141021
141010141121
141010141221
141010141321
141010141421
141010141521
141010142100
141010142101
141010142102
141010142103
141010142104
141010142105
141010142110
141010142111
141010142112
141010142113
141010142114
141010142115
141010150021
141010150121
141010150221
141010150321
141010150421
141010150521
141010151021
141010151121
141010151221
141010151321
141010151421
141010151521
141010152100
141010152101
141010152102
141010152103
141010152104
141010152105
141010152110
141010152112
141010152114
141010210000
141010210001
141010210002
141010210003
141010210004
141010210005
141010210010
141010210011
141010210012
141010210013
141010210014
141010210015
141010210100
141010210101
141010210102
141010210103
141010210104
141010210105
141010210110
141010210111
141010210112
141010210113
141010210114
141010210115
141010210200
141010210201
141010210202