010014010021
001321011215
010014010021
010014010021
001321011215
010014010021
001321011215
010014010021
010014010021
010014010021
001321011311
010014010021
010014010021
010014010021
001321011311
010014010021
010014010021
010014010021
001321011311
010014010021
010014010021
010014010021
010014010021
001321011311
010014010021
010014010021
010014010021
001321011311
010014010021
010014010021
010014010021
010014010021
001321011311
010014010021
010014010021
010014010021
010014010021
001321011311
010014010421
010014010421
010014010421
001321011311
010014010421
010014010421
010014010421
010014010421
001321011311
010014010421
010014010421
010014010421